Latitude Longitude Depth Magnitude Strike Dip Rake
9.9107 -84.0476 9.0 4.09 82.0 84.0 159.0
9.3388 -83.2815 11.0 3.72 26.0 65.0 119.0
9.3984 -83.2966 5.0 3.51 301.0 85.0 172.0
9.6685 -85.6058 14.0 5.26 288.0 25.0 80.0
9.7949 -85.5177 21.0 5.45 278.0 25.0 68.0
9.2904 -85.3103 10.0 4.8 350.0 27.0 -105.0
9.9743 -85.6314 22.0 4.8 301.0 28.0 92.0
9.8948 -85.694 31.0 5.35 302.0 27.0 86.0
9.6511 -85.7263 21.0 6.32 293.0 24.0 81.0
9.8858 -84.4659 50.0 4.8 140.0 51.0 32.0
9.407076 -84.634831 11.0 3.85 137.0 52.0 87.0
9.9471 -85.6476 24.0 5.32 295.0 25.0 78.0
10.1598 -86.2575 20.0 5.76 303.0 22.0 85.0
10.3137 -86.295 22.0 4.72 303.0 22.0 85.0
10.6151 -85.6279 40.0 4.77 38.0 58.0 148.0
9.5061 -84.8538 14.0 5.21 286.0 24.0 82.0
10.1504 -85.3624 40.0 4.97 143.0 55.0 3.0
9.5173 -83.7567 21.0 4.1 28.0 53.0 -92.0
9.6507 -85.1019 20.0 4.69 304.0 32.0 104.0
10.6319 -86.347 32.0 5.2 305.0 26.0 92.0
9.4569 -83.7227 24.0 3.7 84.0 87.0 -13.0
9.902397 -84.070858 11.0 3.85 332.0 86.0 164.0
9.902257 -84.070182 11.0 3.4 156.0 88.0 -174.0
10.34 -86.3039 17.0 5.02 307.0 24.0 95.0
9.5033 -83..7509 20.0 4.5 209.0 43.0 -52.0
9.506 -83.7538 29.0 4.7 222.0 46.0 -49.0
9.5057 -83.7539 18.7 3.8 208.0 41.0 -81.0
9.4688 -83.7837 34.0 4.1 258.0 58.0 4.4
9.4421 -84.6174 8.0 3.86 301.0 88.0 -84.0
9.4353 -83.8912 10.56 3.6 246.0 82.0 -0.31
9.3987 -83.8692 35.0 5.1 288.0 53.0 74.0
9.4189 -83.8687 26.0 3.9 48.0 86.0 1.5
9.9539 -83.7872 7.0 5.3 148.0 85.0 162.0
8.5 -83.08 13.0 4.02 129.0 57.0 -62.0
10.32 -85.9 5.0 4.5 101.0 86.0 6.0
10.89 -83.8 21.0 3.85 178.0 86.0 -167.0
8.909 -82.479 8.0 5.22 172.0 82.0 -171.0
9.45 -84.63 11.0 4.56 109.0 60.0 82.0
10.207 -84.226 2.0 4.27 306.0 71.0 -78.0
10.234 -84.214 0.3 4.56 309.0 75.0 -85.0
9.506 -86.1407 6.0 4.74 324.0 54.0 -70.0
8.9932 -83.9652 14.0 4.66 135.0 68.0 141.0
9.917 -85.658 21.0 5.2 116.0 48.0 72.0
9.579 -84.856 11.0 4.64 110.0 72.0 75.0
9.42 -84.55 25.0 6.52 109.0 74.0 91.0
9.409505 -84.577995 9.0 3.74 121.0 84.0 86.0
9.3885 -84.5891 13.0 3.93 102.0 56.0 81.0
9.3836 -84.5899 12.0 3.59 114.0 80.0 92.0
9.33 -83.2865 13.0 3.8 159.0 66.0 40.0
10.6583 -84.9628 6.0 4.38 295.0 69.0 125.0
10.6651 -84.9499 2.0 4.76 266.0 57.0 76.0
10.6577 -84.9625 7.0 4.64 43.0 69.0 27.0
10.8216 -86.515 32.0 5.86 103.0 57.0 44.0
9.4744 -83.7910 27.6 4.1 241.0 76.0 -21.0
8.61 -83.19 15.0 6.21 109.0 50.0 94.0
9.3231 -84.222 30.0 3.84 122.0 79.0 84.0
8.9004 -83.8801 13.0 4.86 113.0 59.0 84.0
9.7686 -83.8936 2.0 3.17 58.0 85.0 164.0
8.9095 -84.1193 14.0 4.42 112.0 63.0 90.0
9.409 -84.5738 12.0 3.6 104.0 51.0 103.0
8.8575 -82.9952 27.0 3.31 176.0 75.0 16.0
8.2969 -82.9748 13.0 4.04 328.0 53.0 -103.0
10.321 -86.2457 16.0 4.38 240.0 84.0 -167.0
9.4422 -83.333 10.0 3.72 33.0 89.0 17.0
9.5237 -82.62 17.0 4.65 313.0 74.0 119.0
9.3295 -83.2862 17.0 3.48 160.0 50.0 63.0
9.3287 -83.2963 5.0 3.49 161.0 59.0 -115.0
8.9339 -84.2774 10.0 3.97 103.0 78.0 63.0
10.596 -84.917 10.0 4.01 282.0 85.0 8.0
9.3334 -83.2625 6.0 3.76 179.0 66.0 83.0
8.2908 -82.9635 10.0 4.01 126.0 51.0 -99.0
8.3765 -83.0453 4.0 4.5 248.0 54.0 -79.0
9.343 -83.2595 5.0 4.08 192.0 74.0 87.0
8.5014 -82.898 17.0 6.01 7.0 86.0 169.0
9.5491 -84.5659 11.0 3.83 260.0 64.0 139.0
10.3158 -86.2399 41.0 4.6 96.0 66.0 36.0
10.2973 -86.3239 31.0 4.67 107.0 54.0 54.0
8.3224 -82.8194 30.0 6.3 119.0 89.0 4.0
8.368 -82.8549 31.0 4.64 128.0 52.0 81.0
8.3265 -82.899 40.0 4.5 198.0 81.0 154.0
8.3108 -82.8271 40.0 4.73 292.0 84.0 -28.0
8.3262 -82.8119 40.0 4.21 203.0 90.0 -106.0
10.6106 -85.2617 5.0 3.65 65.0 89.0 5.0
10.5897 -85.2529 5.0 3.46 337.0 90.0 178.0
9.5341 -84.156 31.0 4.01 311.0 55.0 99.0
8.3337 -82.985 14.0 3.9 141.0 55.0 -71.0
8.9828 -84.1204 17.0 5.3 115.0 56.0 80.0
8.9644 -84.0972 17.0 5.16 111.0 63.0 80.0
8.9433 -84.1221 10.0 3.86 120.0 85.0 106.0
8.0719 -82.9726  4.52   
10.2876 -86.9076 26.0 4.64 78.0 78.0 -58.0
9.0789 -83.7393  4.47   
10.6019 -85.2556 6.0 4.1 66.0 90.0 6.0
9.0166 -83.2119 40.0 5.24 279.0 79.0 22.0
8.2647 -82.8088 23.0 4.95 109.0 52.0 56.0
9.4365 -83.3286 5.0 3.69 33.0 89.0 17.0
10.4956 -83.3595 33.0 4.27 234.0 83.0 -19.0
8.112 -83.3671  4.32   
9.4394 -84.074 64.0 4.12 304.0 77.0 -68.0
9.8688 -85.5065 18.0 4.05 91.0 64.0 71.0
9.8923 -83.9257 7.0 2.96 41.0 88.0 39.0
9.3485 -84.4782 12.0 3.27 134.0 63.0 93.0
7.5198 -83.0131 28.0 4.75 185.0 89.0 -175.0
11.1207 -86.9361 28.0 4.32 111.0 48.0 -109.0
9.9211 -84.119 74.0 3.82 6.0 81.0 -168.0
8.9455 -84.0566 19.0 4.11 267.0 59.0 -42.0
9.5907 -84.8209 21.0 3.86 97.0 77.0 134.0
10.6031 -86.574 50.0 4.94 324.0 61.0 144.0
9.5601 -84.7502 15.0 3.62 119.0 70.0 84.0
9.8556 -84.3748 7.0 4.24 245.0 89.0 -32.0
7.8919 -83.2104 24.0 4.0 139.0 57.0 115.0
9.502 -84.6671 18.0 5.97 111.0 60.0 83.0
9.4965 -84.6986 12.0 3.54 270.0 84.0 7.0
8.1785 -82.986 19.0 4.27 347.0 76.0 154.0
8.1785 -82.986 13.0 3.92 73.0 83.0 -157.0
9.48 -84.86 16.0 4.0 109.0 67.0 97.0
8.2668 -82.9956 15.0 5.36 73.0 65.0 33.0
8.2174 -83.0281 4.0 4.62 157.0 87.0 135.0
8.1874 -82.9331 12.0 4.2 145.0 64.0 -75.0
8.3296 -82.9929 5.0 4.24 145.0 62.0 -89.0
7.8126 -83.1798 9.0 4.31 250.0 77.0 51.0
8.2824 -83.7075 10.0 4.24 349.0 88.0 -169.0
8.2014 -82.9851 15.0 4.21 197.0 82.0 153.0
9.97 -83.55 13.0 3.95 306.0 70.0 110.0
9.5098 -84.4357 14.0 3.51 212.0 59.0 -63.0
8.011 -82.7316 26.0 4.51 224.0 48.0 -95.0
8.4635 -82.9855 30.0 4.76 102.0 59.0 50.0
8.4288 -82.9985 30.0 4.37 109.0 73.0 105.0
9.639 -84.8783 25.0 4.44 120.0 68.0 93.0
9.4369 -84.6622 19.0 4.17 109.0 47.0 98.0
8.3383 -83.0514 7.0 4.78 171.0 66.0 154.0
11.3837 -83.78 8.0 4.09 144.0 89.0 178.0
9.5956 -84.7745 21.0 3.5 322.0 61.0 -116.0
9.3658 -84.5547 15.0 4.49 97.0 59.0 78.0
9.4051 -84.6032 14.0 3.5 119.0 62.0 92.0
9.4004 -84.7961 15.0 3.6 93.0 50.0 -94.0
9.6527 -84.895 21.0 3.6 287.0 58.0 -85.0
9.5087 -84.6496 16.0 3.9 52.0 88.0 -168.0
9.76 -84.04 4.0 3.35 147.0 80.0 14.0
9.3477 -83.7812 10.0 3.8 237.0 62.0 66.0
9.6237 -84.8312 22.0 3.46 262.0 56.0 -120.0
9.326 -83.9755 44.0 4.22 260.0 65.0 -89.0
8.81 -85.49 30.0 5.7 356.0 85.0 173.0
8.671 -82.7767 10.0 4.78 359.0 75.0 160.0
10.83 -85.33 2.0 3.94 76.0 87.0 -34.0
9.179545 -83.979093 28.0 3.83 312.0 46.0 -81.0
9.561682 -83.979093 28.0 3.77 282.0 51.0 -114.0
9.4938 -83.7423 9.17 3.6 130.0 89.0 -162.0
9.4933 -84.8832 17.0 4.71 95.0 64.0 66.0
5.49 -82.58 8.0 6.0 2.0 78.0 -173.0
8.2792 -83.2249 32.0 4.9 117.0 56.0 105.0
9.7482 -83.9447 15.0 4.1 74.0 89.0 144.0
8.9391 -82.8547 24.0 3.7 89.0 51.0 -70.0
9.8732 -83.8972 1.0 3.3 301.0 90.0 168.0
8.6257 -82.7667 20.0 4.3 282.0 86.0 -5.6
10.3419 -86.4604 36.0 4.9 274.0 75.0 -143.0
9.9193 -82.2028 36.0 4.1 314.0 83.0 -163.0
11.7229 -87.3799 25.0 6.2 323.0 14.0 111.0
8.1071 -82.9594 22.0 4.8 276.0 81.0 2.0
9.9226 -83.448 15.0 3.9 258.0 77.0 5.0
8.9265 -84.0393 15.0 4.3 78.0 46.0 -96.0
9.5393 -84.8615 20.0 4.1 107.0 59.0 -2.0
8.612 -83.3068 18.0 4.9 116.0 50.0 94.0
9.3798 -83.9257 55.0 3.8 116.0 69.0 -98.0
8.94 -82.8418 20.0 4.6 57.0 82.0 38.0
10.0999 -85.7129 27.0 4.9 125.0 61.0 84.0
9.4632 -83.8055 7.0 3.8 236.0 52.0 -46.0
9.4643 -83.7948 8.8 3.2 67.0 89.0 -0.4
10.7547 -86.3026 28.0 5.0 283.0 48.0 74.0
8.791 -83.1078 60.0 4.1 306.0 72.0 -166.0
10.0441 -86.1631 27.0 4.7 83.0 68.0 84.0
9.7146 -85.804 34.0 4.4 282.0 75.0 -159.0
12.3083 -86.6536 114.0 5.4 158.0 64.0 99.0
10.4165 -86.190 32.0 4.6 85.0 55.0 -86.0
9.2923 -84.234 35.0 3.6 289.0 89.0 8.13
7.061 -82.4856 31.0 4.1 75.39 79.51 -4.22
10.154 -83.987 18.0 4.31 40.0 75.0 1.8
9.451 -84.529 20.0 6.38 315.0 20.0 97.1
10.643 -85.0 4.0 4.43 45.0 70.0 -9.8
10.658 -84.963 5.0 4.62 135.0 60.0 172.2
10.665 -84.95 18.0 4.39 60.0 70.0 -42.8
10.612 -84.912 13.0 3.85 85.0 70.0 63.4
8.99 -84.11 13.0 5.45 270.0 45.0 -48.2
9.579 -84.638 14.0 5.95 135.0 70.0 92.4
9.24 -84.232 14.0 5.42 315.0 20.0 120.0
9.152 -83.921 30.0 3.38 115.0 50.0 2.2
9.906 -84.235 6.0 3.79 220.0 55.0 -99.5
8.963 -84.174 12.0 4.35 110.0 85.0 94.9
9.892 -84.562 20.0 3.94 0.0 65.0 -119.5
9.522 -83.65 12.0 4.9 0.0 65.0 -145.3
9.511 -83.667 13.0 3.72 50.0 85.0 17.2
9.488 -83.658 9.0 3.75 5.0 50.0 -130.0
9.267 -84.096 35.0 3.59 5.0 45.0 153.9
9.017 -84.03 21.0 4.17 90.0 50.0 -10.0
10.31 -84.14 93.0 3.76 185.0 15.0 55.9
9.51 -83.749 8.0 3.53 230.0 70.0 -30.3
9.295 -83.736 12.0 3.82 90.0 45.0 63.6
9.295 -83.736 12.0 3.82 90.0 45.0 63.6
9.706 -84.066 8.0 4.01 345.0 60.0 -171.8
10.048 -84.309 50.0 3.77 90.0 70.0 20.0
9.92 -84.42 75.0 3.86 135.0 45.0 75.0
9.274 -83.804 50.0 3.57 90.0 45.0 -70.0
8.639 -82.984 9.0 3.21 240.0 85.0 148.2
9.79 -84.25 60.0 3.5 25.0 60.0 -120.1
10.424 -85.897 23.0 4.0 270.0 20.0 59.8
9.49 -84.87 12.0 3.81 45.0 70.0 121.6
9.312 -84.15 35.0 3.7 15.0 70.0 159.5
9.309 -84.159 31.0 3.86 95.0 60.0 -10.3
9.05 -83.89 30.0 3.95 105.0 70.0 2.3
9.323 -83.977 47.0 4.26 95.0 60.0 -25.8
9.323 -83.977 60.0 3.59 220.0 50.0 -83.3
9.44 -83.72 22.0 3.61 135.0 45.0 139.4
9.448 -83.709 12.0 3.56 85.0 75.0 113.6
8.37 -82.93 90.0 4.46 90.0 45.0 45.0
8.37 -82.93 11.0 3.46 120.0 40.0 49.0
9.03 -84.03 20.0 3.65 115.0 80.0 113.4
9.08 -84.08 30.0 3.79 95.0 75.0 -24.0
9.436 -83.707 9.0 3.43 225.0 70.0 -40.0
9.41 -83.73 18.0 4.27 315.0 80.0 -131.0
9.445 -83.73 4.0 3.8 220.0 70.0 7.4
10.266 -84.098 5.0 3.5 50.0 40.0 -22.3
9.443 -83.731 10.0 3.33 25.0 40.0 107.3
9.442 -83.726 16.0 3.57 40.0 50.0 99.0
9.77 -83.89 8.0 3.29 65.0 75.0 -28.9
9.451 -84.283 23.0 3.63 135.0 75.0 116.1
9.997 -84.05 11.0 4.89 285.0 85.0 177.6
9.68 -86.44 11.0 5.46 310.0 50.0 -87.8
10.09 -85.62 35.0 3.66 270.0 45.0 40.0
9.83 -83.96 50.0 3.4 95.0 40.0 -20.1
10.6 -86.5 45.0 5.07 200.0 55.0 158.9
10.65 -86.5 30.0 4.41 210.0 85.0 149.8
8.308 -84.469 10.0 4.47 60.0 90.0 -164.1
8.97 -82.1 60.0 3.88 110.0 85.0 -131.2
9.633 -84.12 80.0 4.38 265.0 85.0 43.7
10.63 -86.31 34.0 4.82 5.0 80.0 151.2
10.64 -86.31 110.0 4.64 130.0 75.0 1.8
10.136 -83.938 9.0 3.89 85.0 70.0 48.0
11.14 -85.53 160.0 5.34 0.0 45.0 72.5
7.43 -82.65 30.0 5.42 0.0 20.0 107.4
9.434 -83.847 30.0 3.39 140.0 80.0 52.5
8.416 -82.944 10.0 4.7 315.0 45.0 65.0
8.379 -82.938 7.0 4.33 335.0 40.0 94.1
9.61 -84.1 60.0 3.84 95.0 45.0 -44.1
10.56 -84.97 4.0 4.2 175.0 70.0 -134.1
8.668 -82.88 11.0 5.07 265.0 85.0 -136.7
10.54 -83.09 90.0 4.37 140.0 45.0 -158.5
7.77 -82.75 6.0 5.5 180.0 70.0 95.0
8.45 -82.96 15.0 3.69 320.0 35.0 43.8
10.08 -83.66 18.0 3.71 225.0 70.0 -76.0
10.453 -85.989 23.0 3.48 0.0 20.0 140.0
8.005 -82.714 4.0 5.72 180.0 45.0 90.0
8.004 -82.776 4.0 5.28 85.0 70.0 -175.2
8.061 -82.862 9.0 5.48 355.0 35.0 14.1
9.81 -84.16 60.0 3.59 65.0 75.0 5.0
10.412 -86.723 22.0 5.12 50.0 70.0 -61.5
8.944 -82.999 12.0 3.59 0.0 15.0 142.1
